-1.471876
-0.8721581
0.2601852
2.83654
5.777287
6.022491
-1.017304
9.959324
7.187431
-5.664587
-2.266134
1.180411
-5.171819
1.887287
-6.106658
8.860588
-5.372812
-5.005822
-9.127766
1.643619
0.2416697
7.246696
1.148495
1.255583
-6.947414
0.61833
-0.3537045
2.510361
9.459227
3.754964
2.424518
2.580633
-0.805088
-7.287254
-0.7721195
-0.6046619
-0.3797064
4.098053
-7.226181
7.318971
5.686662
8.771326
-4.388141
-8.614555
3.729515
4.704325
4.03671
7.220016
7.689874
5.103733
2.332736
-0.05221748
-9.855644
0.9843674
-3.95752
-1.71996
-4.549555
-2.995004
-0.3944721
9.683554
-8.494225
-5.772443
-6.392439
4.062819
3.078105
-2.632009
-9.202209
1.247979
0.7470093
7.471547
2.936542
-5.690052
4.231298
5.80302
-0.5259314
9.885538
1.920444
3.104105
-9.257097
2.093529
-6.944254
8.185871
5.430524
4.384391
2.223667
-1.263107
5.191748
2.038761
-1.45244
5.634499
7.071207
-7.34261
5.727763
-0.965313
6.528687
7.761909
-5.497875
3.014299
-2.894467
-4.506169
-8.407106
-4.610747
2.315441
1.904121
4.836211
6.382648
-1.065136
5.86344
1.799959
2.397686
-0.7505999
3.926835
-6.691349
-1.387161
-3.244452
6.721479
0.4622736
6.647697
-7.305582
9.719393
-4.275917
-8.884842
-6.226398
5.209875
-6.563635
0.2144852
-4.218627
4.651997
9.061516
7.086346
-8.050259
4.292533
-6.789089
5.90941
-1.124521
-0.9127436
6.994938
5.958052
-1.165465
0.8104315
-5.370834
2.69248
5.830261
6.285934
-6.72081
-0.3072796
-9.409636
-0.9029112
1.361636
1.132442
-0.1146564
1.453892
-3.723351
-9.433746
-8.608097
-5.317364
2.73195
4.928982
-3.464779
2.145301
-6.11536
9.13209
-3.998131
1.366281
-7.691172
-3.148712
-8.908741
9.062332
-8.222679
0.6710806
-5.988903
-4.686159
-1.549853
-5.589626
-9.207226
-8.408382
5.842094
-2.711715
-1.922525
-7.692831
-0.8246527
-1.388725
8.757153
-5.866809
0.7404461
2.94243
-3.936935
-3.085948
4.143014
-9.503744
-6.575981
0.4467859
7.07237
-7.879753
-1.250139
1.264848
8.177645
-2.22227
-7.928249
2.635152
6.290527
8.40584
7.399733
6.698918
-6.584654
9.613643
5.345438
1.862287
0.03939247
8.664568
-6.374598
3.999219
4.890957
-7.680758
-2.8096
-1.716491
8.251421
-0.7993326
5.539541
0.3561983
-0.6231489
6.284976
8.355427
6.569294
-2.736854
-2.331852
-0.2395401
-4.708644
-0.1121817
-0.5351677
4.165747
-4.299101
8.251446
1.251026
-6.259764
4.69239
8.677778
6.510578
-6.517338
-4.86446
4.170897
-7.762882
-3.407797
-5.756266
-0.1481953
-9.279747
1.616434
-5.183496
-7.012732
2.497288
6.295009
7.481672
-1.215011
0.4155502
-5.590542
-0.9555235
-8.963066
7.835054
2.968673
7.029249
4.769313
9.444946
4.742684
-0.3240929
-8.460434
4.314405
7.978783
8.15892
-8.787832
-1.215497
-3.725127
6.76981
0.256032
9.744501
-1.942512
8.516996
8.317776
-9.077015
-6.665867
0.2011786
-5.391981
2.111291
3.26021
8.046225
-0.5795536
1.103701
-4.410835
6.994808
-7.922766
-1.891355
-0.7142601
1.198195
-4.918279
-9.321999
-3.370424
-5.826847
-2.012905
-0.01957035
2.322577
5.549564
3.543846
-1.122681
-7.687218
-3.164104
-1.442684
7.171209
2.000509
-6.977928
4.682052
9.79383
8.723839
-9.793909
-6.829617
-6.666916
-4.007989
-3.003472
-1.859799
4.769802
-5.116985
8.269756
5.038616
5.540102
-1.473731
0.1909409
7.613494
7.221894
7.206047
-9.435562
7.672565
-0.1763668
9.497698
0.09701824
5.68675
-0.1311741
3.966625
-8.755236
-9.361542
9.204214
4.62734
-6.697863
-9.305155
5.683172
4.219453
6.247086
6.233845
-1.832396
3.778295
-8.869598
-0.8342352
-8.972511
3.715045
2.873495
3.937824
9.331412
3.729596
-5.696371
9.476997
1.723446
2.097379
1.361552
2.602391
2.387167
-5.029202
8.459127
-6.955584
8.878235
-9.946573
3.123941
-9.999266
-1.259231
8.571377
-8.576977
4.726355
2.563602
-1.450583
-7.695379
-4.936853
7.5265
0.3061714
-3.827082
2.557098
3.130228
-4.359661
-1.546749
5.085523
-6.39817
-9.7822
-3.281344
-3.894366
-7.640488
-1.473938
8.028946
-0.5325756
-6.20907
-7.238285
9.970503
9.565701
-0.7637081
7.895935
-1.857053
4.470081
-4.509768
1.099919
-0.6270065
-8.697964
4.962401
3.596613
2.816562
-8.753555
7.154441
5.028257
-8.207071
-8.494301
-8.44421
-3.749939
-8.289864
-1.909925
-6.788824
-9.002598
1.810742
6.394081
-7.567518
-2.611026
0.2942381
5.769274
6.947527
-2.721187
-3.823434
9.59366
-2.068087
-7.637325
-0.7820024
2.543037
-2.183224
3.966937
-8.516514
-9.794825
-1.207999
-7.728142
-5.649078
4.807531
9.698488
4.685337
-0.6202946
-6.80929
-7.334599
-3.832427
-5.105071
9.870159
7.610123
0.3408203
6.511499
1.967253
-8.434135
6.27769
1.185826
-0.2702751
-1.656302
3.777222
-5.222397
9.487267
9.188656
0.3210936
1.175824
6.027088
-1.035205
-6.03668
3.429708
8.624754
2.101398
3.562252
-3.490654
-0.1228848
-0.5533829
5.505941
-2.549104
0.7582912
7.507894
1.067518
5.213838
-1.155752
5.928785
0.8565416
2.645445
-0.3320541
7.90451
-9.961895
5.812428
-7.558655
-0.4478035
0.5601158
4.521661
-1.918801
5.493791
-8.39752
1.667877
0.4875479
6.276695
-4.548878
3.798084
-7.723864
-9.780636
-5.731769
-6.707251
6.213272
7.079675
-0.07179356
-2.550806
-3.977161
-4.08147
-8.125751
-6.951378
-9.466377
1.092754
7.465789
-3.02704
3.259234
-9.548111
-2.903856
-4.993268
5.567272
4.0624
-0.1647148
-6.37553
9.244833
-7.28771
2.972603
-4.279486
-5.578901
4.2767
2.154342
-1.877299
-5.879865
7.378459
8.285187
8.430492
6.668354
1.223207
2.189983
-9.213678
-7.134628
-8.009502
-5.893555
6.166716
3.52144
-3.278223
-3.969384
9.048407
9.745827
-5.717664
-3.2223
-1.187573
-1.362992
-4.91186
-7.357163
-2.479948
7.424419
5.229399
-7.357828
-0.6658545
